name: project
channels:
  - conda-forge
  - defaults
dependencies:
  - blas=1.0=mkl
  - bottleneck=1.3.2=py310h9128911_1
  - brotlipy=0.7.0=py310h2bbff1b_1002
  - bzip2=1.0.8=he774522_0
  - ca-certificates=2021.10.8=h5b45459_0
  - certifi=2021.10.8=py310h5588dad_1
  - cffi=1.15.0=py310h2bbff1b_1
  - charset-normalizer=2.0.4=pyhd3eb1b0_0
  - cryptography=36.0.0=py310h21b164f_0
  - dnspython=2.2.0=pyhd8ed1ab_0
  - greenlet=1.1.2=py310h8a704f9_1
  - idna=3.3=pyhd3eb1b0_0
  - intel-openmp=2021.4.0=haa95532_3556
  - libffi=3.4.2=h604cdb4_1
  - libprotobuf=3.19.4=h7755175_0
  - libzlib=1.2.11=h8ffe710_1013
  - lz4-c=1.9.3=h8ffe710_1
  - mkl=2021.4.0=haa95532_640
  - mkl-service=2.4.0=py310h2bbff1b_0
  - mkl_fft=1.3.1=py310ha0764ea_0
  - mkl_random=1.2.2=py310h4ed8f06_0
  - mysql-common=8.0.28=h57928b3_0
  - mysql-connector-python=8.0.28=py310h5d0051b_1
  - mysql-libs=8.0.28=h4d1747d_0
  - numexpr=2.8.1=py310hb57aa6b_1
  - numpy=1.21.5=py310h4c31df0_0
  - numpy-base=1.21.5=py310hedd7904_0
  - openssl=1.1.1l=h8ffe710_0
  - packaging=21.3=pyhd3eb1b0_0
  - pandas=1.4.1=py310hd77b12b_0
  - pip=21.2.4=py310haa95532_0
  - protobuf=3.19.4=py310h8a704f9_0
  - pycparser=2.21=pyhd3eb1b0_0
  - pyopenssl=22.0.0=pyhd3eb1b0_0
  - pyparsing=3.0.4=pyhd3eb1b0_0
  - pysocks=1.7.1=py310haa95532_0
  - python=3.10.0=h96c0403_3
  - python-dateutil=2.8.2=pyhd3eb1b0_0
  - python_abi=3.10=2_cp310
  - pytz=2021.3=pyhd3eb1b0_0
  - requests=2.27.1=pyhd3eb1b0_0
  - setuptools=58.0.4=py310haa95532_0
  - six=1.16.0=pyhd3eb1b0_1
  - sqlalchemy=1.4.31=py310he2412df_0
  - sqlite=3.37.2=h2bbff1b_0
  - tk=8.6.11=h2bbff1b_0
  - tzdata=2021e=hda174b7_0
  - ucrt=10.0.20348.0=h57928b3_0
  - urllib3=1.26.8=pyhd3eb1b0_0
  - vc=14.2=h21ff451_1
  - vs2015_runtime=14.29.30037=h902a5da_6
  - wheel=0.37.1=pyhd3eb1b0_0
  - win_inet_pton=1.1.0=py310haa95532_0
  - wincertstore=0.2=py310haa95532_2
  - xz=5.2.5=h62dcd97_0
  - zlib=1.2.11=h8ffe710_1013
  - zstd=1.5.2=h6255e5f_0
prefix: C:\Users\oscar\anaconda3\envs\project
